0,0
163,34
163,33
163,32
163,31
163,30
163,29
163,28
163,27
163,26
163,25
163,24
163,23
163,22
163,21
163,20
163,19
163,18
163,17
163,16
163,15
163,14
163,13
163,12
163,11
163,10
163,9
163,8
163,7
163,6
163,5
163,4
163,3
163,2
163,0
0,276
0,275
0,272
0,271
0,12
0,404
0,10
0,8
0,447
0,446
0,268
0,445
0,374
0,267
0,373
0,372
0,266
0,363
0,265
0,459
0,444
0,264
0,443
0,442
0,263
0,441
0,370
0,262
0,369
0,368
0,261
0,458
0,359
0,260
0,457
0,440
0,259
0,439
0,438
0,258
0,437
0,366
0,257
0,365
0,364
0,256
